43(C) 41(A) 53(S) 54(T) 00 00 03 77 00 3A 00 -> skip these 7 bytes

ld = the column of the last byte of data for the label
00 01 02 03 04 05 06 07 08 09 0A 0B 0C 0D 0E 0F
idx   ld label       name
01 00 04 55 31    00 06 54 75 62 61 00
02 00 04 52 32    00 0A 54 72 6F 6D 62 6F 6E 65 00
03 00 04 54 32    00 09 54 72 75 6D 70 65 74 00
04 00 04 54 34    00 09 54 72 75 6D 70 65 74 00
05 00 04 4D 31    00 0C 4D 65 6C 6C 6F 70 68 6F 6E 65 00
06 00 04 4F 31    00 0E 42 61 72 69 74 6F 6E 65 20 53 61 78 00
07 00 04 42 32    00 0A 42 61 72 69 74 6F 6E 65 00
08 00 04 46 36    00 07 46 6C 75 74 65 00
09 00 04 50 31    00 09 50 49 63 63 6F 6C 6F 00
0A 00 04 57 31    00 0F 42 61 73 73 20 43 6C 61 72 69 6E 65 74 00
0B 00 04 43 31    00 0A 43 6C 61 72 69 6E 65 74 00
0C 00 04 43 32    00 0A 43 6C 61 72 69 6E 65 74 00
0D 00 04 41 33    00 10 41 6C 74 6F 20 53 61 78 6F 70 68 6F 6E 65 00
0E 00 04 41 31    00 10 41 6C 74 6F 20 53 61 78 6F 70 68 6F 6E 65 00
0F 00 04 46 35    00 07 46 6C 75 74 65 00
10 00 04 46 33    00 07 46 6C 75 74 65 00
11 00 04 47 31    00 07 47 75 61 72 64 00
12 00 04 54 33    00 09 54 72 75 6D 70 65 74 00
13 00 04 54 35    00 09 54 72 75 6D 70 65 74 00
14 00 04 54 37    00 09 54 72 75 6D 70 65 74 00
15 00 04 54 36    00 09 54 72 75 6D 70 65 74 00
16 00 04 52 31    00 0A 54 72 6F 6D 62 6F 6E 65 00
17 00 04 4E 31    00 11 54 65 6E 6F 72 20 53 61 78 6F 70 68 6F 6E 65 00
18 00 04 42 33    00 0A 42 61 72 69 74 6F 6E 65 00
19 00 04 42 31    00 0A 42 61 72 69 74 6F 6E 65 00
1A 00 04 46 34    00 07 46 6C 75 74 65 00
1B 00 04 57 32    00 0F 42 61 73 73 20 43 6C 61 72 69 6E 65 74 00
1C 00 04 43 33    00 0A 43 6C 61 72 69 6E 65 74 00
1D 00 04 41 34    00 10 41 6C 74 6F 20 53 61 78 6F 70 68 6F 6E 65 00
1E 00 04 41 35    00 10 41 6C 74 6F 20 53 61 78 6F 70 68 6F 6E 65 00
1F 00 04 41 32    00 10 41 6C 74 6F 20 53 61 78 6F 70 68 6F 6E 65 00
20 00 04 46 32    00 07 46 6C 75 74 65 00
21 00 04 46 31    00 07 46 6C 75 74 65 00
22 00 04 54 31    00 09 54 72 75 6D 70 65 74 00
23 00 05 47 31 35 00 07 47 75 61 72 64 00
24 00 05 47 31 37 00 07 47 75 61 72 64 00
25 00 05 47 31 30 00 07 47 75 61 72 64 00
26 00 04 47 39    00 07 47 75 61 72 64 00
27 00 05 47 31 31 00 07 47 75 61 72 64 00
28 00 05 47 31 36 00 07 47 75 61 72 64 00
29 00 05 47 31 33 00 07 47 75 61 72 64 00
2A 00 05 47 31 32 00 07 47 75 61 72 64 00
2B 00 04 47 38    00 07 47 75 61 72 64 00
2C 00 05 47 31 34 00 07 47 75 61 72 64 00
2D 00 05 47 31 38 00 02 00
2E 00 04 47 33    00 07 47 75 61 72 64 00
2F 00 04 47 35    00 07 47 75 61 72 64 00
30 00 04 47 37    00 07 47 75 61 72 64 00
31 00 04 47 36    00 07 47 75 61 72 64 00
32 00 04 47 34    00 07 47 75 61 72 64 00
33 00 04 47 32    00 07 47 75 61 72 64 00
34 00 04 53 31    00 07 53 6E 61 72 65 00
35 00 04 51 31    00 0C 54 65 6E 6F 72 20 44 72 75 6D 00
36 00 03 33       00 08 42 61 73 73 20 33 00
37 00 03 34       00 08 42 61 73 73 20 34 00
38 00 03 35       00 08 42 61 73 73 20 35 00
39 00 03 32       00 08 42 61 73 73 20 32 00
3A 00 03 31       00 08 42 61 73 73 20 31
50(P) 54(T) 41(A) 42(B) -> end here