50(P) 54(T) 41 (A) 42 (B) 20 20 20 20 20 20 20 00 00 01 EF 00 1D --> skip all '20', skip 6 bytes

most of these values are unknown or unnecessary. read all of the 00-prefixed data
subset is either 00 or 01, and is the 5th byte

?? cnt      subset
00 00 00 02 00 00 02 00 02 00 02 00 02 00 02 00 02
00 08 00 02 00 00 02 00 02 00 02 00 02 00 02 00 02
00 18 00 02 00 00 02 00 02 00 02 00 02 00 02 00 02
00 24 00 02 00 00 02 00 02 00 02 00 02 00 02 00 02
00 34 00 02 00 00 02 00 02 00 02 00 02 00 02 00 02
00 40 00 02 00 00 02 00 02 00 02 00 02 00 02 00 02
00 50 00 02 00 00 02 00 02 00 02 00 02 00 02 00 02
00 60 00 02 00 00 02 00 02 00 02 00 02 00 02 00 02
00 6C 00 02 00 00 02 00 02 00 02 00 02 00 02 00 02
00 7C 00 02 00 00 02 00 02 00 02 00 02 00 02 00 02
00 8C 00 02 00 00 02 00 02 00 02 00 02 00 02 00 02
00 94 00 02 00 00 02 00 02 00 02 00 02 00 02 00 02
00 A8 00 02 00 00 02 00 02 00 02 00 02 00 02 00 02
00 BC 00 02 00 00 02 00 02 00 02 00 02 00 02 00 02
00 D4 00 02 00 00 02 00 02 00 02 00 02 00 02 00 02
00 DC 00 02 00 00 02 00 02 00 02 00 02 00 02 00 02
00 E4 00 02 00 00 02 00 02 00 02 00 02 00 02 00 02
00 EC 00 02 00 00 02 00 02 00 02 00 02 00 02 00 02
00 F8 00 02 00 00 02 00 02 00 02 00 02 00 02 00 02
01 00 00 02 00 00 02 00 02 00 02 00 02 00 02 00 02
01 08 00 02 00 00 02 00 02 00 02 00 02 00 02 00 02
01 0C 00 02 00 00 02 00 02 00 02 00 02 00 02 00 02
01 14 00 02 00 00 02 00 02 00 02 00 02 00 02 00 02
01 18 00 02 00 00 02 00 02 00 02 00 02 00 02 00 02
01 20 00 02 00 00 02 00 02 00 02 00 02 00 02 00 02
01 2C 00 02 00 00 02 00 02 00 02 00 02 00 02 00 02
01 34 00 02 00 00 02 00 02 00 02 00 02 00 02 00 02
01 40 00 02 00 00 02 00 02 00 02 00 02 00 02 00 02
01 58 00 02 00 00 02 00 02 00 02 00 02 00 02 00 02

20 20 20 20 20 20 50(P) 41(A) 47(G) 45(E) --> skip all '20', end here